name,N,M,std_x,std_y,K_x,K_y,density
Nuremberg_multiplex.dat,1430,76,2.676485406743223,4.626644474277313,5.317482517482517,100.05263157894737,4.896212402381604e-05
Augsburg_multiplex.dat,901,68,3.8007250720474817,4.4725559539635125,5.067702552719201,67.1470588235294,8.28055972666536e-05
Bielefeld_multiplex.dat,1561,109,6.748310799325492,10.896641151807051,16.42024343369635,235.1559633027523,9.656694562277316e-05
Kiel_multiplex.dat,996,66,4.498781295048508,8.515743269511182,11.53012048192771,174.0,0.00017557667857359083
Chemnitz_multiplex.dat,1168,79,5.8736554338274765,4.884822983413644,9.248287671232877,136.73417721518987,0.00010031442377656522
Dresden_multiplex.dat,1865,110,5.081160149143456,10.537227948188582,10.142627345844504,171.96363636363637,4.946657893993613e-05
Stuttgart_multiplex.dat,1333,90,3.134493211086871,5.490517533676986,5.317329332333084,78.75555555555556,4.4355433202645005e-05
Mainz_multiplex.dat,515,39,11.48608439463472,6.886850300255605,23.941747572815533,316.15384615384613,0.0011943403957305964
Krefeld_multiplex.dat,799,37,4.155702462308137,7.658921381802455,7.451814768460576,160.9189189189189,0.00025238145256589365
Dortmund_multiplex.dat,2232,139,5.059435027745399,8.63757051500747,11.228494623655914,180.3021582733813,3.620821912184398e-05
Halle (Saale)_multiplex.dat,824,62,9.517160695993491,11.267212415373507,20.29126213592233,269.6774193548387,0.0003976651537632252
Luebeck_multiplex.dat,886,35,6.3232693619132005,6.816570479358804,7.571106094808126,191.65714285714284,0.0002444263468864609
Duisburg_multiplex.dat,1639,50,2.5877432968525764,4.611469555047628,3.6375838926174495,119.24,4.4414943743802804e-05
Mannheim_multiplex.dat,805,58,4.98283848981439,5.785895975012881,8.079503105590062,112.13793103448276,0.00017326091751565582
Hamburg_multiplex.dat,4630,253,6.801404363010238,7.829524660527181,10.174946004319654,186.20553359683794,8.68809200317269e-06
Bremen_multiplex.dat,1602,104,6.673738577229193,10.514463114541032,13.599250936329588,209.48076923076923,8.167522063331565e-05
Berlin_multiplex.dat,7565,279,4.247014850277354,7.763130011124624,6.840449438202247,185.47670250896059,3.241372279464814e-06
Bonn_multiplex.dat,1264,70,7.785699149779487,13.852782773586194,17.11867088607595,309.1142857142857,0.00019362821950091562
Freiburg_multiplex.dat,608,38,2.9638527183359114,3.6723144035262787,5.1381578947368425,82.21052631578948,0.00022275894800731995
Duesseldorf_multiplex.dat,1878,104,4.2666836023097865,5.991810541103518,8.358892438764643,150.94230769230768,4.282043993465761e-05
Karlsruhe_multiplex.dat,793,53,2.5093497876715327,6.11920674233826,6.802017654476671,101.77358490566037,0.00016204539866773086
Oberhausen_multiplex.dat,1060,88,14.762392311033148,9.222528050692162,21.649056603773584,260.77272727272725,0.00023230595548731205
Munich_multiplex.dat,2850,158,3.150678944055621,6.031547830358992,6.482105263157894,116.92405063291139,1.4400134320187618e-05
Braunschweig_multiplex.dat,954,52,4.441559516603309,6.230946673283985,8.79664570230608,161.3846153846154,0.00017750919570397287
Frankfurt_am_Main_multiplex.dat,2118,113,2.8656097989752385,5.899964948349168,5.33805476864967,100.05309734513274,2.2314323444219653e-05
Cologne_multiplex.dat,2084,105,3.316898450502708,6.014906168809321,5.3291746641074855,105.77142857142857,2.436583985601118e-05
Leipzig_multiplex.dat,1748,80,7.7819213071100855,10.010633137998054,8.723112128146454,190.6,6.241494081386987e-05
Wuppertal_multiplex.dat,1688,176,9.662633185403307,7.601674427405631,18.528436018957347,177.70454545454547,6.240379647490619e-05
Muenster_multiplex.dat,479,42,8.022889767639938,5.721062681651219,13.02713987473904,148.57142857142858,0.0006488912071497829
Erfurt_multiplex.dat,675,44,3.799222384115658,8.75444575685363,7.262222222222222,111.4090909090909,0.00024488205497107574
Hanover_multiplex.dat,1188,64,2.1678488590451184,5.554016167659205,4.725589225589226,87.71875,6.220499717761723e-05
Aachen_multiplex.dat,1113,108,15.91351192185622,15.985220408574339,42.9685534591195,442.81481481481484,0.0003577850507853675
Rostock_multiplex.dat,336,47,4.076603186959269,5.875242369112648,10.31547619047619,73.74468085106383,0.0006551588561750518
Essen_multiplex.dat,1724,91,2.657825025681306,5.316931166024148,4.909512761020881,93.01098901098901,3.1312065978843965e-05
