name,N,M,std_x,std_y,K_x,K_y,density
village_8.dat,369,2,3.2614246817218566,10.508402467560076,16.62872628726287,3068.0,0.022593378107694122
village_9.dat,180,2,4.507056541184367,17.282479141835502,19.166666666666668,1725.0,0.053538175046554934
village_4.dat,320,2,3.2085544906348953,22.566659440710993,19.93125,3189.0,0.031240203761755486
village_15.dat,129,2,2.6345680708951593,4.342984409799554,7.441860465116279,480.0,0.029069767441860465
village_14.dat,126,2,2.6181675939945404,8.451882845188283,13.873015873015873,874.0,0.055492063492063495
village_5.dat,189,2,3.193340574003011,12.052593133674206,11.915343915343914,1126.0,0.031689744455701906
village_7.dat,121,2,2.7238784108375675,10.080645161290317,21.50413223140496,1301.0,0.08960055096418733
village_16.dat,374,2,4.109069940831247,13.318025258323768,12.267379679144385,2294.0,0.01644420868518014
village_17.dat,65,2,2.7895216194286014,6.754221388367728,12.615384615384615,410.0,0.0985576923076923
village_6.dat,139,2,3.718094226184173,12.555886736214603,13.568345323741006,943.0,0.049160671462829736
village_2.dat,185,2,3.6020578053448835,9.863013698630136,12.172972972972973,1126.0,0.03307873090481786
village_13.dat,184,2,2.6134520331028988,17.123037604965294,12.597826086956522,1159.0,0.034420289855072464
village_12.dat,229,2,3.501054682314146,11.275964391691405,12.471615720524017,1428.0,0.027350034474833373
village_3.dat,192,2,3.8440726042437503,13.267203967761928,17.958333333333332,1724.0,0.047011343804537524
village_1.dat,209,2,2.768235204591891,4.558640696228756,9.818181818181818,1026.0,0.0236013986013986
village_10.dat,209,2,3.33751568262753,7.133243606998653,18.61244019138756,1945.0,0.04474144276775856
village_11.dat,253,2,3.2750373528209424,16.445880452342493,12.972332015810277,1641.0,0.025738753999623564
